.Random.seed <-
c(403L, 328L, 27663374L, 1770205523L, 2056820045L, 1676783224L, 
-1335265850L, -1394518728L, -417679830L, 941752015L, -856180723L, 
510050854L, 123287294L, -1529575204L, -438741607L, -416811791L, 
-662072714L, 960024310L, -1056412411L, 995635654L, 183181396L, 
636909493L, 1872236167L, -153781547L, 1104934085L, -495556708L, 
73665826L, -202754021L, 1035583623L, 1407032311L, 1860739264L, 
247560188L, 906536271L, 1787131877L, 1700936476L, 1771470073L, 
585636235L, -1020243026L, 1130119220L, 1607417030L, 1636979996L, 
-1327661447L, -245380701L, 51750876L, -1858002020L, -2108790878L, 
-1255266489L, -2081274993L, -2044651664L, 2099450856L, -1411656525L, 
42442492L, 1427070586L, -349688893L, -784189275L, 756678411L, 
-1555040553L, 857501478L, 2028589728L, -1018733439L, 10661989L, 
-1587615363L, -1098183370L, -457715294L, -195101711L, 1003528127L, 
-2061857390L, 452469471L, 243041641L, 1492870532L, 1302637898L, 
1843116204L, -693647090L, 1565013091L, 209472721L, -456258198L, 
675091098L, -1462600280L, -1114627835L, -795797179L, 903876850L, 
-1209698078L, 232553889L, -1831595062L, 1648917096L, 948524057L, 
-977207901L, 866186497L, 920623137L, -917588984L, 1690524334L, 
-6373833L, -1675642389L, 888480299L, 2036813764L, -609466360L, 
-1449536797L, 215299065L, -951861264L, -98293291L, 1686421783L, 
-1289038150L, -1009981880L, -1449217366L, 176478128L, 1563206573L, 
-2070119001L, 1742751120L, -1538785448L, 1899739182L, -903657885L, 
1974205235L, 1661917148L, -1613075836L, 657569007L, 844016357L, 
1084091956L, -1224999736L, 16360142L, -973850095L, -1555284724L, 
-1664172752L, 1875786610L, -2022352570L, 456621593L, 403954008L, 
-1711860721L, -439112590L, -482808816L, 318143743L, -1701161414L, 
-2094800270L, -2061848909L, -760960133L, -540184019L, -184310734L, 
1560007753L, -6272303L, 1651651935L, 978016209L, -1817025142L, 
-769105295L, 1603601848L, 728917985L, -526893681L, 998863230L, 
-272361035L, -1590966301L, -1319393266L, -497781046L, -2022319112L, 
1728247251L, -1958979558L, 1817911326L, -1788552020L, 133049904L, 
-1075735305L, -704732834L, -1635554091L, 526791600L, -2065862710L, 
-1544498743L, 1314716800L, -260986432L, 767062653L, 229563973L, 
-999866761L, 1689316900L, 665084919L, -2057774833L, -78359751L, 
1034621139L, 1887107632L, 193938221L, -1022564550L, -1427092170L, 
-662394928L, -752928284L, -1051037771L, 694879738L, -294630245L, 
-590561294L, 1062215794L, 198924376L, -1888775803L, 1036901620L, 
-1921290484L, -1334785211L, 812001866L, -180077650L, 716319223L, 
905722943L, 1853339669L, 391568927L, -415050704L, -2070389395L, 
-584143444L, 11362457L, -823075239L, -1219933565L, 835880112L, 
46616973L, -1655205439L, 1394093282L, -572452847L, 816600239L, 
-456353344L, 1129173844L, 1976571754L, 625028390L, 1326388559L, 
1879783268L, -785126847L, -1878370816L, -838535620L, -1910513974L, 
1819117355L, 27515218L, 1278471930L, 1319361931L, 297344460L, 
-1445214560L, -2101205155L, 1704093421L, 1022267503L, 506473345L, 
133883754L, 164974959L, -1983739494L, -325967921L, 1231195363L, 
1427429133L, -1923528250L, -2019532437L, 1670887775L, -1523822832L, 
1571672987L, 666797249L, 1451564334L, 367411082L, 1360412764L, 
-1022771320L, 1408679529L, -1066707146L, 2021326799L, 680989238L, 
7123526L, 933072244L, -777083599L, 1823431792L, 1999299696L, 
1585120937L, -677963786L, -1986351726L, -1716026453L, 705211683L, 
-973742943L, 1653020803L, -304700540L, 1196491177L, 976023488L, 
-1826105379L, 514333997L, 2128227023L, 1823136844L, 1604553289L, 
-2061785003L, 180104614L, -221482611L, 1956487907L, 1781218996L, 
-925331608L, 249386614L, -278075030L, 2020945315L, -1624309440L, 
1629119093L, 228852164L, 1434450496L, 474729350L, 404325463L, 
-1591016898L, -1222221970L, -1196002769L, -1811403059L, -1246581919L, 
590730753L, -176121319L, 1399078624L, 1968094949L, 2070041903L, 
-2049922036L, -677502044L, 1971086163L, -1471216972L, -295847068L, 
-1397680732L, -56649846L, -1439834883L, -1908632222L, -1392499628L, 
-1364500834L, 2022891576L, -480698528L, 147857857L, 1554235038L, 
760711454L, 1549191031L, 1468919547L, -1180793412L, 1342231439L, 
-200219373L, -1152951455L, 773886387L, -452700660L, 1185934257L, 
620915315L, -577396377L, 1749605875L, 1937594315L, -2040026910L, 
-166205413L, 1660291861L, -1594342538L, -1384556926L, 2104802125L, 
759416974L, -949923238L, 1879839434L, 126720652L, 1953002235L, 
808652528L, -683722090L, 996711648L, -1908774562L, 1027602878L, 
-988798689L, 1238128384L, -1524636552L, 115414477L, 977978701L, 
-1465679478L, -1996326363L, -1994705611L, -134154613L, 966329793L, 
728667006L, -1759596509L, -462881895L, 591088405L, 466024413L, 
-288161467L, 1239420772L, -1710027007L, 1846730539L, -237272568L, 
803600736L, -533356065L, 73141920L, 864540864L, -540445920L, 
-1406041850L, 1686609825L, 597689126L, -2015146392L, 1911195146L, 
-2084751132L, 68958180L, -776739579L, 382047386L, -424452662L, 
-28889437L, 893450791L, -244724624L, 1356770259L, 2121399191L, 
-1629508851L, -408144881L, -230739912L, -53714811L, 1808001463L, 
-915234509L, -1564725657L, 1853852159L, -702220242L, -218712977L, 
-921977911L, -1390824662L, -103364602L, 2121083825L, 1213400882L, 
-1950719698L, 1976894622L, -1874131712L, -200959337L, 1715150556L, 
-1610580222L, -1936519708L, -1275066190L, -1425244662L, 1709756065L, 
-873383616L, 965890221L, -1592201376L, -1502365779L, -2040724840L, 
-1977522950L, 946479314L, -996155383L, 1208088261L, -1162912705L, 
-1497814646L, 694457133L, -1788087853L, 1586754110L, -1777790458L, 
-1473154742L, 380506897L, -1626949570L, 1515368637L, 1098625288L, 
-223761779L, 1687356335L, 2030941223L, 1408949282L, -1300151126L, 
1343242336L, 1327069575L, 1606688796L, -374582572L, -1421845521L, 
823012023L, 1396441635L, -640081006L, -1561151609L, 1752733838L, 
285838223L, 1303282250L, -1526562212L, 506117160L, -1086926497L, 
-599724661L, 973036345L, 1262121308L, 1037337427L, 1222545637L, 
-1561461780L, -1711359036L, -33640072L, -1704808001L, -1518791852L, 
2088216391L, 1052849326L, 1846980131L, -1447276635L, 628436873L, 
-1492636980L, 477260764L, -272982554L, -1251034795L, -2019317282L, 
1139035258L, 1792914633L, -94251911L, 1805132957L, 1736229212L, 
-1529884255L, 1448662420L, -918759783L, 241880972L, 1994666294L, 
-329908002L, 1924753973L, 1676427625L, -2116874501L, -881720306L, 
1492289417L, 357355255L, -326829630L, 301609626L, -1877832130L, 
-1165150811L, -1074083190L, -1459711319L, 1578425788L, -315312479L, 
-1786067509L, -1298671149L, -1010876330L, 911113798L, -1654503108L, 
146548755L, 1210728704L, -1860769840L, -976712845L, 1097774563L, 
1989696055L, 1702227750L, 137783075L, 2087255434L, -1408870765L, 
1422284966L, 545651872L, -1634466436L, 1019173747L, 1609277047L, 
-499778947L, 466069560L, -533304985L, -298030527L, 370688424L, 
1840901301L, -897450287L, 1019239339L, 2070273184L, 63097088L, 
1012665914L, 168986830L, 779917822L, 908532711L, 782532408L, 
-347630285L, 1714378983L, -955467345L, -657674521L, -1606486928L, 
517905331L, 1566497470L, -2073099358L, 1047128658L, 2113163563L, 
977353297L, 349599847L, 877001731L, -1040113817L, -1394213438L, 
-1744048249L, 1325849464L, 669985556L, -2011886066L, 1474355210L, 
-415376845L, -985745846L, -85098945L, -602174861L, 447624565L, 
-846699174L, -1429661654L, -607795764L, 62887624L, 2090729172L, 
309515401L, 1914314518L, 709891677L, 935489225L, 64988877L, 1141013293L, 
1485408974L, -393625443L, 1260380560L, 91793132L, -1954698452L, 
-414528243L, -470779125L, 2032332505L, -1337386899L, -1603410011L, 
-1665830332L, -1865005307L, -699602153L, 678443868L, 606548723L, 
-1401860097L, 745429815L, 1879099291L, -1969496685L, -621512349L, 
1441906724L, 1087583820L, -1621503627L, 525155691L, 805888926L, 
504509575L, 568280975L, 524534336L, 2096089878L, -89692019L, 
1476915032L, 1434167792L, 12336710L, -1369245068L, -1021670212L, 
-444819364L, -960811383L, -872195805L, 2123461432L, -178805662L, 
-538423193L, 763550722L, 110300054L, 1333240907L, 1277215553L, 
